222.0 164.0 100.0 101.0
223.0 162.0 101.0 104.0
222.0 161.0 101.0 105.0
221.0 160.0 100.0 104.0
219.0 157.0 100.0 106.0
220.0 154.0 98.0 108.0
218.0 153.0 100.0 109.0
218.0 151.0 101.0 110.0
216.0 151.0 104.0 109.0
216.0 148.0 105.0 111.0
215.0 147.0 105.0 112.0
216.0 146.0 105.0 113.0
217.0 146.0 103.0 112.0
217.0 145.0 104.0 112.0
217.0 144.0 104.0 113.0
216.0 145.0 105.0 112.0
220.0 144.0 101.0 113.0
220.0 145.0 98.0 110.0
217.0 142.0 100.0 111.0
216.0 142.0 106.0 113.0
217.0 140.0 102.0 111.0
217.0 140.0 103.0 111.0
218.0 139.0 102.0 112.0
216.0 139.0 105.0 111.0
219.0 141.0 101.0 110.0
219.0 140.0 102.0 111.0
220.0 140.0 101.0 111.0
220.0 140.0 101.0 110.0
220.0 139.0 101.0 111.0
215.0 137.0 109.0 111.0
214.0 137.0 111.0 111.0
214.0 137.0 110.0 110.0
214.0 136.0 111.0 111.0
214.0 136.0 111.0 111.0
217.0 137.0 110.0 111.0
216.0 137.0 112.0 111.0
216.0 135.0 113.0 112.0
215.0 135.0 115.0 112.0
216.0 135.0 113.0 110.0
215.0 135.0 115.0 110.0
215.0 134.0 115.0 111.0
215.0 134.0 116.0 111.0
213.0 134.0 121.0 111.0
214.0 133.0 121.0 113.0
213.0 132.0 124.0 114.0
213.0 130.0 126.0 116.0
213.0 129.0 127.0 116.0
214.0 128.0 128.0 117.0
218.0 126.0 122.0 116.0
217.0 125.0 124.0 117.0
219.0 124.0 123.0 117.0
218.0 124.0 125.0 117.0
218.0 123.0 126.0 118.0
218.0 123.0 127.0 117.0
221.0 124.0 127.0 117.0
221.0 124.0 130.0 118.0
221.0 124.0 131.0 118.0
223.0 124.0 130.0 118.0
224.0 124.0 128.0 116.0
225.0 124.0 129.0 116.0
226.0 125.0 130.0 115.0
230.0 125.0 128.0 116.0
230.0 127.0 128.0 110.0
231.0 127.0 128.0 110.0
231.0 126.0 129.0 111.0
234.0 126.0 126.0 113.0
234.0 126.0 128.0 113.0
234.0 126.0 130.0 113.0
236.0 126.0 129.0 113.0
234.0 125.0 129.0 111.0
234.0 125.0 129.0 111.0
234.0 124.0 130.0 112.0
234.0 124.0 130.0 112.0
236.0 126.0 127.0 114.0
236.0 126.0 127.0 114.0
236.0 126.0 127.0 114.0
236.0 126.0 128.0 114.0
236.0 126.0 127.0 112.0
236.0 126.0 127.0 112.0
236.0 126.0 127.0 112.0
236.0 126.0 128.0 113.0
237.0 127.0 125.0 113.0
237.0 127.0 126.0 113.0
237.0 128.0 126.0 112.0
236.0 128.0 126.0 113.0
237.0 128.0 125.0 111.0
234.0 129.0 126.0 111.0
233.0 130.0 126.0 111.0
231.0 130.0 128.0 111.0
231.0 128.0 129.0 115.0
229.0 128.0 130.0 116.0
228.0 128.0 131.0 116.0
226.0 127.0 132.0 118.0
222.0 130.0 132.0 113.0
221.0 129.0 133.0 114.0
221.0 129.0 131.0 114.0
220.0 128.0 132.0 115.0
219.0 127.0 127.0 116.0
219.0 127.0 127.0 116.0
219.0 126.0 126.0 116.0
221.0 126.0 127.0 120.0
221.0 126.0 127.0 120.0
221.0 125.0 127.0 121.0
221.0 126.0 126.0 120.0
222.0 127.0 130.0 119.0
222.0 128.0 130.0 119.0
222.0 128.0 130.0 120.0
222.0 124.0 129.0 124.0
222.0 124.0 130.0 124.0
223.0 124.0 128.0 125.0
222.0 130.0 124.0 118.0
221.0 130.0 125.0 118.0
220.0 131.0 126.0 118.0
219.0 131.0 126.0 118.0
219.0 133.0 122.0 115.0
218.0 133.0 123.0 115.0
217.0 133.0 124.0 115.0
216.0 133.0 125.0 115.0
216.0 134.0 124.0 116.0
215.0 134.0 125.0 116.0
215.0 134.0 124.0 116.0
215.0 134.0 124.0 116.0
213.0 135.0 126.0 113.0
213.0 135.0 126.0 113.0
212.0 135.0 127.0 113.0
213.0 135.0 126.0 113.0
212.0 135.0 126.0 114.0
212.0 135.0 122.0 117.0
211.0 135.0 122.0 118.0
211.0 135.0 120.0 118.0
210.0 135.0 120.0 119.0
208.0 135.0 121.0 119.0
205.0 135.0 123.0 118.0
204.0 135.0 124.0 118.0
204.0 135.0 124.0 119.0
203.0 135.0 125.0 119.0
202.0 134.0 126.0 121.0
198.0 134.0 126.0 123.0
198.0 134.0 125.0 124.0
198.0 134.0 125.0 124.0
197.0 133.0 125.0 125.0
196.0 133.0 125.0 125.0
199.0 135.0 125.0 123.0
198.0 134.0 125.0 124.0
198.0 134.0 125.0 124.0
197.0 134.0 125.0 124.0
196.0 134.0 125.0 124.0
194.0 135.0 123.0 120.0
194.0 135.0 123.0 120.0
193.0 136.0 123.0 120.0
193.0 136.0 122.0 120.0
193.0 136.0 121.0 120.0
190.0 132.0 121.0 121.0
190.0 132.0 121.0 121.0
190.0 132.0 120.0 122.0
189.0 132.0 121.0 122.0
189.0 132.0 121.0 123.0
192.0 129.0 119.0 123.0
191.0 129.0 120.0 123.0
191.0 129.0 120.0 124.0
191.0 129.0 120.0 124.0
191.0 129.0 120.0 124.0
188.0 132.0 120.0 124.0
188.0 132.0 120.0 125.0
187.0 132.0 121.0 125.0
186.0 132.0 121.0 125.0
186.0 132.0 122.0 125.0
184.0 135.0 125.0 119.0
182.0 135.0 126.0 119.0
181.0 134.0 127.0 120.0
180.0 134.0 127.0 120.0
179.0 135.0 128.0 119.0
180.0 137.0 126.0 119.0
180.0 137.0 126.0 119.0
179.0 137.0 126.0 120.0
178.0 137.0 127.0 120.0
177.0 137.0 128.0 121.0
179.0 139.0 127.0 121.0
179.0 139.0 127.0 121.0
179.0 139.0 127.0 121.0
179.0 139.0 127.0 122.0
178.0 138.0 128.0 124.0
173.0 135.0 129.0 123.0
172.0 134.0 130.0 124.0
172.0 134.0 129.0 124.0
171.0 134.0 130.0 125.0
171.0 133.0 130.0 126.0
172.0 135.0 129.0 126.0
172.0 135.0 129.0 126.0
171.0 135.0 130.0 126.0
171.0 134.0 130.0 127.0
171.0 134.0 130.0 127.0
170.0 135.0 131.0 124.0
170.0 135.0 132.0 125.0
170.0 135.0 132.0 125.0
171.0 136.0 132.0 124.0
171.0 136.0 132.0 124.0
170.0 135.0 132.0 122.0
170.0 135.0 132.0 122.0
170.0 135.0 132.0 121.0
170.0 134.0 134.0 122.0
170.0 135.0 135.0 121.0
173.0 136.0 128.0 121.0
172.0 136.0 129.0 121.0
172.0 136.0 128.0 121.0
172.0 136.0 128.0 121.0
171.0 136.0 128.0 121.0
168.0 135.0 127.0 125.0
168.0 135.0 127.0 125.0
167.0 135.0 128.0 125.0
167.0 135.0 128.0 125.0
167.0 135.0 128.0 125.0
167.0 135.0 128.0 124.0
167.0 135.0 129.0 124.0
168.0 135.0 129.0 124.0
171.0 137.0 125.0 123.0
169.0 139.0 126.0 122.0
170.0 139.0 125.0 123.0
171.0 139.0 124.0 123.0
172.0 139.0 124.0 123.0
172.0 139.0 124.0 123.0
175.0 139.0 123.0 122.0
175.0 139.0 123.0 122.0
175.0 139.0 123.0 122.0
175.0 139.0 123.0 122.0
175.0 139.0 123.0 122.0
170.0 138.0 130.0 119.0
170.0 138.0 129.0 119.0
169.0 137.0 128.0 120.0
169.0 137.0 127.0 120.0
169.0 137.0 126.0 120.0
169.0 137.0 125.0 120.0
168.0 137.0 125.0 120.0
167.0 137.0 125.0 120.0
167.0 136.0 124.0 121.0
164.0 138.0 119.0 117.0
160.0 138.0 126.0 123.0
161.0 138.0 126.0 123.0
161.0 138.0 125.0 123.0
162.0 138.0 124.0 123.0
162.0 138.0 124.0 123.0
162.0 139.0 124.0 122.0
162.0 139.0 124.0 122.0
160.0 140.0 126.0 121.0
165.0 141.0 126.0 117.0
166.0 141.0 121.0 121.0
168.0 143.0 123.0 121.0
166.0 141.0 127.0 126.0
166.0 141.0 127.0 124.0
166.0 142.0 127.0 124.0
167.0 143.0 123.0 122.0
166.0 143.0 125.0 116.0
169.0 142.0 124.0 123.0
